a116_norm
0.04197793081324414
0.04204038085321216
0.04204695454162984
0.04218664542050569
0.04166075034709074
0.04172484380916319
0.04267967205183221
0.04252847721822541
0.04212090853632882
0.04266981151920568
0.04250218246455467
0.04239042976145399
0.04270596680550296
0.04300671305061213
0.04269446285077201
0.04260900490134208
0.0431628381505322
0.04282758004123017
0.0427322615591737
0.04301328673902982
0.04319077632630736
0.04359341474189069
0.04342578568723968
0.04358848447557743
0.04400098342378728
0.0433370408936009
0.04327459085363287
0.04396975840380327
0.04427872175943455
0.04430172966889646
0.04406014661954646
0.04405028608691993
0.0442902257141655
0.04396647155959443
0.04401577422272707
0.04409301506163489
0.04459590222558794
0.04462384040136311
0.0447355931044638
0.04513987494215153
0.04523683684631241
0.04512672756531616
0.04469450755185325
0.04510043281164541
0.04586133724599267
0.04561811077453826
0.04548335016197567
0.0458251819596954
0.04625082828474062
0.04571835952290798
0.04568384765871512
0.04611442425007362
0.04595172546173586
0.04629520068156
0.04659266008246034
0.04643982182674912
0.04677507993605115
0.04698050769910387
0.04665182327821952
0.04690326686019605
0.046914770814927
0.04705446169380285
0.04724509865791577
0.04780386217341915
0.04784823457023854
0.04824922956371744
0.04821143085531574
0.04831989671420758
0.04849245603517185
0.04858120082881063
0.04899369977702048
0.04901835110858681
0.04893946684757456
0.04962806070932727
0.04994195433127182
0.04983184505027556
0.05028049928478269
0.05038567829946568
0.05036267039000378
0.05105783794017417
0.05205539515755815
0.0515590816820228
0.0517793002440153
0.05252212703521392
0.05286724567714249
0.05312033268122343
0.05279657852665236
0.0532386590727418
0.05349503292103159
0.05429209264167613
0.05399956350708906
0.05451231120366864
0.05498397334763767
0.05484756931297067
0.05483277851403088
0.0554852170894863
0.05554766712945432
0.05515324582439311
0.05571529618410534
0.05584676995245907
0.05632336236274138
0.05628392023223526
0.05678680739618831
0.05672928762253354
0.05659617043207538
0.05643675848794648
0.05661096123101518
0.05716808132441414
0.05690184694349782
0.05734392748958727
0.05714342999284782
0.05767589875468045
0.05718451554545836
0.05790433442719507
0.05782709358828726
0.05790762127140392
0.05814427405444065
0.05867345597206444
0.05783366727670494
0.05907609438764776
0.0593735537885481
0.05997011601245318
0.0607425244015314
0.06131114844966131
0.06214929372291639
0.06327339444234086
0.06387817377676805
0.06496940605410408
0.06658160313854179
0.06764654066220707
0.06930804040977744
0.07052088592284067
0.07234344103664436
0.07411505006521099
0.07588008540535991
0.07726549023938743
0.0793887915983003
0.08112260191846521
0.08245706066725565
0.08311607293112877
0.08358609165299337
0.0842681118263284
0.0838523260339097
0.08364525484875256
0.08251458044091042
0.0817947615591737
0.08097140708485842
0.07960407989397954
0.07847669233034624
0.07806748022634523
0.07609373027893473
0.07499756773528544
0.07396878549791744
0.07269677678909503
0.07063099520383692
0.06938199440447641
0.06742139183390129
0.06629071742605915
0.06459634923640034
0.06301537717194665
0.06163654602633682
0.06013117137868652
0.05902843514661953
0.05746389730321005
0.05657973621103117
0.05520254848752577
0.05413596754175606
0.05295434704867685
0.05213592284067482
0.05088856546341873
0.05002741228070175
0.0492221354495351
0.04756720939038243
0.04705939196011611
0.04663374563507089
0.04607005185325423
0.04537324088097942
0.04488843136017501
0.04426064411628591
0.04357698052084648
0.04258435356977575
0.04211597827001556
0.04184152677857713
0.04164431612604653
0.04120059215785266
0.04071906948125709
0.0399022886953595
0.03961633324919012
0.03939775810930202
0.03882091695065
0.03833610742984559
0.03745194633766671
0.0375801332618116
0.03738456603138542
0.03696384997265345
0.03670747612436367
0.035734570238546
0.03579044659009634
0.03566061624384702
0.03495394473894568
0.03455130632336235
0.03403691520467836
0.03394488356683074
0.03354060172914299
0.03368850971854095
0.03335489503134335
0.03285365128949472
0.03252825371281921
0.03216341400563759
0.03216012716142875
0.03185116380579746
0.03160300706802979
0.03127103580293659
0.03121680287349068
0.03123323709453489
0.03092591716100803
0.03080759076948967
0.03074185388531279
0.0306284577601077
0.03034743258025158
0.03027676542976145
0.03020938512348016
0.03013214428457234
0.02987412701417812
0.02991849941099751
0.03010256268669275
0.02982482435104547
0.02966869925112541
0.02966869925112541
0.02962761369851487
0.02968842031637847
0.02921840159451386
0.02951421757330977
0.02925620030291556
0.02934823194076317
0.02916416866506794
0.02909843178089107
0.02889957770625604
0.02887985664100298
0.02850515640119483
0.02802034688039042
0.02841312476334721
0.02797926132777988
0.02762921241953805
0.02754375447010812
0.02732353590811561
0.02704579757246834
0.02708523970297446
0.02690281984938364
0.02657249200639488
0.02702278966300643
