a118_norm
0.04615233912206641
0.04644025347052617
0.04614241104108505
0.0464303253895448
0.04697967920384732
0.04676788014291142
0.04657593724393824
0.04668514613473332
0.04668845549506045
0.04670831165702319
0.04682413926847252
0.04741320540670052
0.04649320323576014
0.04710543489627803
0.04750917685618711
0.04724773739034434
0.04684068607010813
0.04706903193267967
0.04762169510730931
0.04757536406272958
0.04754557981978547
0.04769450103450604
0.04780040056497399
0.04780370992530111
0.04788313457315208
0.04789637201446057
0.04816112084063046
0.04776730696170275
0.04772759463777727
0.04860788448479216
0.04823061740750006
0.04857479088152093
0.04852184111628694
0.04810817107539649
0.04892889243652315
0.0484589632700716
0.04839939478418337
0.04840932286516474
0.04923335358661853
0.04888256139194342
0.04890572691423329
0.04905795748928098
0.04921680678498291
0.04943191520624595
0.04984227588680928
0.04932270631545087
0.04971321083405145
0.0501103340733063
0.04926975655021689
0.04948486497147993
0.05018975872115726
0.04958414578129364
0.05002760006512821
0.05044457946634578
0.05054716963648662
0.05070270957186143
0.05060342876204772
0.05088141502952611
0.05061666620335621
0.05103695496490092
0.05045781690765428
0.05092774607410584
0.05108659536980777
0.05119911362092998
0.05180803592112073
0.05167566150803578
0.05160616494116619
0.05134803483565054
0.05171537383196127
0.05210587835056186
0.05235738973542325
0.05270487256977124
0.05328401062701787
0.05281408146056632
0.05266185088551863
0.05340645695912145
0.05344947864337406
0.05372084619019819
0.05357854369613189
0.05372415555052532
0.05426358128384648
0.05512401496889863
0.05457135179426897
0.05424041576155662
0.05595466441100667
0.05500487799712218
0.05534243275048879
0.05623265067848505
0.05627898172306479
0.05649409014432782
0.05643783101876672
0.05714272476844405
0.05723869621793064
0.05746704208050217
0.05838373489111542
0.05760934457456849
0.05798992101218771
0.05890992318312808
0.05814546094756252
0.05878747685102451
0.0589959665516333
0.05936330554794402
0.05921438433322346
0.06065395607552224
0.05941625531317801
0.0605646033466899
0.06020388307103343
0.05951884548331884
0.06030647324117426
0.06113712268328229
0.06055136590538141
0.06067381223748498
0.06080618665056994
0.06109410099902969
0.06161697993071523
0.06205050613356843
0.06211007461945665
0.06263295355114219
0.06250719785871149
0.06271237819899315
0.06354302764110119
0.06440677068648047
0.06416187802227331
0.06539626942429043
0.06658763914205494
0.0666372795469618
0.06745800090808847
0.06826548482790665
0.06930462397062347
0.06990030882950572
0.07191901862905115
0.07295153905111372
0.07460290985434842
0.07617154664940502
0.07798838546899592
0.07993759870167175
0.08127458027382971
0.08296897276131701
0.08450120659277527
0.08581833200297047
0.08703617660335197
0.08774107035302932
0.08826063992438773
0.08854855427284748
0.08833013649125733
0.08758222105732738
0.08632135477269326
0.08515315057721863
0.08402796806599658
0.08109587481616502
0.07991443317938189
0.07781629873198548
0.07550636522365319
0.07342808693821953
0.07240880395746545
0.07060520257918305
0.06986059650558024
0.06804375768598936
0.06677296332037387
0.06588605475270473
0.06433396475928374
0.06386734495315931
0.06321871032904307
0.06280504028815262
0.06257669442558109
0.06120000052949765
0.06008143673892985
0.05976373814752599
0.05835726000849843
0.05762920073653123
0.05652387438727192
0.05545495100161099
0.05465077644211994
0.05307221156608196
0.05139105651990315
0.0505438602761595
0.04963047682587337
0.04805853067048963
0.04733378075884956
0.04723119058870873
0.04629795097645985
0.0451562216636022
0.04425276629429744
0.04363391591312531
0.04320700843092636
0.04247894915895916
0.04191635790334815
0.04156556570867304
0.04123132031563355
0.04134052920642863
0.04085074387801433
0.04040728959417976
0.0400498786788504
0.04019879989357097
0.03943102829767828
0.03879894047519766
0.03906037994104043
0.03833563002940035
0.03805102504126771
0.03772339836888248
0.03710123862738323
0.03617130837546149
0.03574109153293541
0.03566497624541157
0.03458281541844214
0.03470195239021859
0.03402353352315823
0.0337521659763341
0.03362971964423053
0.03342784866427598
0.03345432354689297
0.03306381902829238
0.03220338534324024
0.03206439220950104
0.03178971530234977
0.03152496647617988
0.03142568566636617
0.03167057833057332
0.03142899502669329
0.03160770048435797
0.03122381468641163
0.03132640485655246
0.03111129643528943
0.03093259097762475
0.03132640485655246
0.03136611718047794
0.0309259722569705
0.03109474963365381
0.03098554074285873
0.030618201746548
0.03045935245084607
0.03067115151178198
0.03047589925248169
0.03027071891220002
0.03010525089584384
0.03033359675841537
0.03016481938173207
0.03019129426434905
0.02999604200504876
0.03004899177028274
0.03007877601322685
0.02986366759196381
0.03020784106598467
0.03013503513878795
0.03017474746271344
0.02973460253920599
0.02991992671752491
0.02939042906518513
0.02996625776210464
0.02985373951098244
0.02942352266845637
