a123_norm
0.0479447521126139
0.04788959248063897
0.04776272532709662
0.04855150806433819
0.04771308165831917
0.04793372018621891
0.04867837521788054
0.04926858328001236
0.0479502680758114
0.04766895395273923
0.04818193853010613
0.04806058733976127
0.04892659356176775
0.04879421044502791
0.04962712088784944
0.04983121152615669
0.05005185005405644
0.04968779648302186
0.0500849458332414
0.05013458950201884
0.05080202104891556
0.0498256955629592
0.05005185005405644
0.0511991703991351
0.0507689252697306
0.05050415903625091
0.05039383977230104
0.05108885113518523
0.05077995719612559
0.05100059572402533
0.05127639388390001
0.05169009112371202
0.05148048452220727
0.05074686141694063
0.0507744412329281
0.05163493149173709
0.05176731460847693
0.05150806433819474
0.05167354323411954
0.05145842066941729
0.05148600048540476
0.05173421882929197
0.05224168744346138
0.05320146503982526
0.05252300156653355
0.05357655053725482
0.05354897072126735
0.05276570394722326
0.05288705513756812
0.05276570394722326
0.0531573373342453
0.05262228890408843
0.05370893365399466
0.05351587494208239
0.05274915605763078
0.05368135383800719
0.05396266796107936
0.05499415307901066
0.05493899344703572
0.05464664739756856
0.05482315821988835
0.05583809544822717
0.05582154755863469
0.05687509652935595
0.05697989983010834
0.05659378240628379
0.05672064955982613
0.05718950643161309
0.05737704918032787
0.05723363413719303
0.05811618824879201
0.05806654458001456
0.05910906162434084
0.05933521611543808
0.06078591443637888
0.05971030161286764
0.05987026454559495
0.05978752509763255
0.06004677536791474
0.06127131919775831
0.06135405864572072
0.06183946340710015
0.06188910707587759
0.06352734814553317
0.06308607108973369
0.06278269311387154
0.06322948613286852
0.06295368797299385
0.06330119365443594
0.06429406702998477
0.0646139928954394
0.06317432650089358
0.0637535026366304
0.06468570041700682
0.06438783840434216
0.0652097169207687
0.06465260463782185
0.06515455728879377
0.06552964278622334
0.06516007325199126
0.0651269774728063
0.06511594554641131
0.06464708867462436
0.06501114224565893
0.06591576021004787
0.06662180349932706
0.06655009597775964
0.06745471394214858
0.06928601372371644
0.06859100236083225
0.0694790724356287
0.0694790724356287
0.07047746177437504
0.07284380998609977
0.07395251858879598
0.0747026895836551
0.07597136111907861
0.07786333649581891
0.08075370121130551
0.08208856430509896
0.08467555104472343
0.08723495796836044
0.09024115791099442
0.09168634026873773
0.09452154535224941
0.09721333539262626
0.09989960946980561
0.1017309092513735
0.1040034860887408
0.1038324912296185
0.1043565077333804
0.1038931668247909
0.1015930101714361
0.1028671976700571
0.09969551883149835
0.09643558458177967
0.09413542792842486
0.09023012598459942
0.08857533702535136
0.08526024314365775
0.08384815656509939
0.08200030889393906
0.0795677691238444
0.07719038898572468
0.07518257838183703
0.07251836815744765
0.07175716523619355
0.0685468746552523
0.06726165523023631
0.0664949363457847
0.06544138737506343
0.06355492796152064
0.06285440063543896
0.06241863954283697
0.0615416013944355
0.05975442931844759
0.05727776184277299
0.05670410167023365
0.05550713765637755
0.05423846612095404
0.05255609734571851
0.05166251130772456
0.05082960086490303
0.05057586655781832
0.04954438143988703
0.0480385234869713
0.04712287359618737
0.04635063874853827
0.0452143503298546
0.04413873750634336
0.04489994042759746
0.04349888577543411
0.04310173642521457
0.04182754892659356
0.04166207003066875
0.04144143150276901
0.04159036250910134
0.04104428215254948
0.041027734262957
0.04080157977185976
0.03954945612602873
0.03925159411336408
0.03894821613750193
0.03901440769587185
0.03895924806389692
0.03829733248019769
0.03771264038126337
0.03724929947267392
0.03641638902985239
0.03674183085850451
0.03592546830527547
0.0355558987710434
0.03435341879398981
0.03443615824195221
0.03379079054784546
0.03285307680427156
0.03211945369900492
0.03259382653398937
0.03211945369900492
0.03260485846038435
0.0316230170112305
0.03133067096176334
0.03088387794276637
0.0304315689605719
0.03091145775875383
0.0303377975862145
0.03044260088696688
0.03021093043267215
0.03087284601637138
0.0302550581382521
0.02962623833373784
0.02991858438320499
0.02949937118019549
0.02973655759768771
0.02980274915605763
0.02964278622333032
0.02949385521699799
0.02922357302032081
0.02937801998985063
0.02939456787944311
0.02887606733887872
0.02849546587825166
0.02902499834521104
0.02887606733887872
0.0288043598173113
0.02851752973104163
0.02912428568276592
0.02860578514220153
0.0288043598173113
0.02850098184144916
0.02845133817267171
0.02884297155969376
0.02785561414734241
0.02727643801160559
0.02787767800013238
0.0276073958034552
0.0274308849811354
0.0268351609558061
0.0270116717781259
0.02678000132383117
0.02722679434282814
0.02698409196213843
0.02685722480859608
0.02652075105354897
0.02626701674646427
0.02639939986320411
0.02639388390000662
0.02617876133530437
0.02630011252564923
0.02591399510182468
0.02635527215762416
