ref0
0.04337268673613197
0.04337615229997921
0.04335997966869209
0.04361181064159139
0.04415012822586235
0.04395836702631518
0.04405424762608876
0.04402074717556546
0.04434304461335859
0.04456484069958182
0.04434651017720583
0.04460411708985052
0.04489984520481483
0.04535152369290484
0.04517940068849201
0.0452417808377423
0.04505001963819513
0.04548783587089619
0.04538617933137722
0.04568883857403599
0.04625603585703394
0.04576392579072615
0.04613705149827877
0.04576161541482799
0.04603423977081071
0.04605387796594506
0.04646628006376637
0.04664302381997551
0.04686019915440242
0.04671926622461475
0.04664417900792459
0.04685095765080979
0.04712473719474158
0.0472691356883765
0.0475648638033408
0.04759143312616963
0.04782478109188365
0.04817249266455653
0.04820137236328351
0.04820021717533442
0.04834923642076566
0.04852598017697479
0.04876741445833237
0.04862994709239193
0.04877203521012869
0.04871312062472564
0.04911281565510708
0.04896957234942125
0.04941547489776587
0.04950904512164129
0.04956795970704433
0.0497042718850357
0.05042395397731211
0.05118060208395906
0.05126493080424185
0.05146131275558533
0.05200194071575445
0.05263498371184992
0.05270313980084559
0.053306147910265
0.0539484324099531
0.05475013284661415
0.05493496291846683
0.05506665434466188
0.05579326756463276
0.05634082665249636
0.05672550423953977
0.05660074394103921
0.05762655083982164
0.05795346902941109
0.05808285007970797
0.05805050481713375
0.0584051475175011
0.05843056165238084
0.05838319894646859
0.05895270660536469
0.05902779382205485
0.05883256705866045
0.05817642030358339
0.05835431924774161
0.05828962872259317
0.05822724857334288
0.05849294180163112
0.05847445879444586
0.05862116766397893
0.05869625488066908
0.0595164383245154
0.05990920222720236
0.06008479079546242
0.06070974747591433
0.0614155673128018
0.06170205392417346
0.0619792990319525
0.06244137421158422
0.06298200217175334
0.06346140517062127
0.06343021509599611
0.06443522861169512
0.06462236905944597
0.06509599611856849
0.06583185084213201
0.06698819397916041
0.06741561352031976
0.06842871335166231
0.06995818219624333
0.071322459164106
0.07253078575884296
0.07529515052098977
0.07726474597417
0.08036296005360072
0.08308458286163159
0.08579696416606981
0.08881084952521776
0.09079315204583786
0.09341311831434974
0.09575121872328628
0.09649515976249336
0.09619712127163089
0.09584594413511079
0.09408081694891759
0.09213663563061709
0.08863064020516138
0.08510269620867315
0.08183929025252408
0.07844419287017998
0.07492664556523346
0.07129357946537902
0.06841600628422244
0.0651514451401243
0.06287456969248897
0.06054455559919599
0.05870203082041448
0.05666543446618765
0.05494766998590671
0.05325647482845459
0.05229189289097336
0.0514070189219786
0.05089758103643463
0.05026915879213548
0.05006238014925028
0.04972044451632281
0.04892336483145808
0.04863456784418825
0.04840468544232147
0.04783979853522168
0.04754869117205369
0.04677240487027239
0.04563338955248019
0.04457061663932722
0.04302266478756094
0.04170228496176328
0.04049049280317907
0.03947392740798928
0.03811658156782109
0.03685858189127371
0.03584548205993115
0.03522052537947924
0.0343125476515029
0.03365986646027309
0.03285585564771389
0.03232908994293372
0.03202758588822401
0.03159439040731927
0.0310791765820299
0.03066099854446318
0.03066446410831042
0.03036527042949888
0.0305096689231338
0.03006954231453457
0.03000947254118245
0.03010073238915972
0.02978998683085738
0.02945151676177714
0.02966522653235681
0.02926784187787353
0.02914192639142388
0.02892359586904789
0.02869833421897743
0.02867638564794492
0.02868793752743571
0.02852967677841185
0.02861978143844003
0.02880114594644549
0.02837488159323522
0.02840722685580944
0.02822008640805859
0.02846614144121248
0.02831134625603586
0.02833445001501744
0.02822817272370215
0.02812651618418317
0.02815886144675739
0.0283032599403923
0.0277614767922741
0.02794284130027955
0.02804796340364577
0.02802832520851142
0.02784118476076057
0.02781114987408451
0.02783540882101518
0.02787699558718203
0.02759166416375945
0.02739412702446688
0.02738488552087425
0.02737102326548529
0.02724741815493381
0.02732250537162396
0.02708107109026639
0.02723240071159578
0.02693320703278423
0.02669754869117206
0.02691356883764989
0.02669639350322298
0.02671256613451008
0.02659935771550031
0.02636023381004089
0.02622276644410046
0.02626319802231823
0.02640066538825867
0.02633828523900839
0.02620428343691519
0.02624933576692928
0.0260864542661091
0.02623316313564217
0.02583000254141349
0.02569600073932029
0.02569715592726937
0.02560243051544486
0.02568791442367673
0.02560705126724118
0.02538525518101795
0.0253436684148511
0.0250976133816972
0.02493357669292794
0.02488736917496477
0.02493473188087702
0.02531594390407319
0.02542106600743941
0.0249971120301273
0.02509414781784997
0.02516807984659104
0.02537485848947624
0.025036388420396
0.02517501097428552
0.02523854631148488
0.02503523323244692
0.02542337638333757
0.02522699443199409
0.02529284014509161
0.02526858119816094
0.02518887322967447
