a93_norm
0.05445814406229721
0.05435195563683558
0.05502920181700195
0.05495369004778479
0.05563329597073919
0.05560497905728275
0.05593534304760781
0.05598489764615657
0.05651583977346469
0.05632470060763377
0.0569736298743437
0.05676361276620848
0.05713881186950622
0.05718128723969088
0.0573464692348534
0.05728511592236446
0.05753052917232022
0.05770279039584685
0.05779246062179223
0.05815822075393782
0.05864904725384933
0.05870096159518613
0.05917291015279334
0.05926729986431479
0.05957170668397144
0.05983835761901952
0.06002241755648634
0.06055807916937054
0.06090496135921185
0.06170727390714412
0.06267240870745089
0.06337325231549761
0.06379564627455607
0.06447525219751048
0.06585334198572355
0.06553713645212672
0.0662025839183529
0.06659194147837885
0.06742729042534364
0.06780012978585334
0.06966196684561383
0.06903663500678427
0.0697445578431951
0.07027549997050321
0.07022122588637839
0.07027078048492715
0.07052563270603504
0.07048787682142646
0.07037932865317681
0.07056574833343165
0.07032977405462805
0.06927968851395198
0.06897292195150728
0.06958645507639667
0.06912158574715356
0.06875346587221993
0.06988142292490118
0.07015515308831337
0.07073093032859418
0.07130434782608695
0.07121939708571766
0.07245590230664857
0.07378207775352487
0.07381983363813345
0.07429414193852871
0.07427290425343637
0.07451831750339213
0.07487227892159755
0.07499734528936346
0.07474721255383163
0.07468821898413074
0.07437201345053389
0.07549997050321515
0.07672703675299393
0.0773594478201876
0.07771576898118106
0.07859831278390655
0.08157158869683205
0.08361040646569524
0.0877187186596661
0.09042062415196743
0.09476255088195387
0.1000153383281222
0.1041000530942127
0.110325054569052
0.1141100820010619
0.1184095333608637
0.1225532416966551
0.12562326706389
0.1259819479676715
0.1244953100112088
0.1230110317975341
0.1196318801250664
0.1152805144239278
0.1102401038286827
0.1048598902719604
0.09974160816471005
0.09429060232434665
0.08929738658486225
0.08544156686921126
0.0811963895935343
0.07815940062533185
0.0743531355082296
0.07138221933809215
0.06974219810040705
0.06731874225709397
0.06521621143295381
0.06335201463040528
0.06225709397675654
0.06201168072680078
0.06165064008023125
0.06165299982301929
0.06053448174149018
0.06086956521739131
0.06065482862368002
0.06033862309008318
0.05955990797003127
0.05894165535956581
0.05797888030204708
0.05748097457377146
0.05584803256445048
0.05390360450710872
0.05166420860126246
0.04921951507285706
0.04776591351542682
0.04575069317444399
0.04404459913869388
0.04253436375435077
0.04126718187717539
0.03950445401451242
0.03882012860598195
0.03808860834169076
0.0377842015220341
0.03655241578667925
0.03609462568580025
0.03498318683263524
0.03540794053448174
0.03532770927968851
0.03475193203940771
0.03456551235915285
0.03373016341218807
0.03332192790985782
0.03325113562621674
0.03317562385699958
0.033071795174326
0.03290661317916347
0.03251489587634948
0.03262108430181111
0.03233791516724677
0.03234499439561088
0.03211609934517138
0.0319084419798242
0.03186124712406348
0.03216801368650817
0.03212081883074745
0.0317385404990856
0.03162055335968379
0.03171494307120524
0.03152852339095039
0.03117928145832104
0.03121703734292962
0.03150020647749395
0.03098814229249012
0.03101173972037048
0.03092442923721314
0.03131850628281517
0.03100466049200637
0.0307710459559908
0.03087959412424046
0.03070025367234971
0.03041708453778538
0.03031089611232376
0.03028257919886732
0.03049731579257861
0.03001120877824317
0.03019054923013392
0.03001828800660728
0.02976579552828741
0.02943543153796236
0.02956757713409238
0.02965488761724972
0.02960533301870096
0.02957465636245649
0.02937171848268539
0.02941891333844611
0.02919001828800661
0.02876762432894815
0.02841130316795469
0.02911450651878945
0.02869447230251903
0.02886673352604566
0.02840894342516666
0.02840186419680255
0.02840422393959059
0.02858120464869329
0.02875346587221993
0.0284773759660197
0.02804082355023303
0.02819892631703144
0.02857648516311722
0.02766562444693528
0.02763258804790278
0.02760899062002242
0.0272479499734529
0.02718659666096395
0.0271441212907793
0.02708040823550233
0.02694590289658427
0.02726918765854522
0.02708748746386644
0.02732818122824612
0.02729514482921361
0.02725738894460504
0.02754763730753348
0.02723851100230075
0.02709220694944251
0.0267453247596012
0.02665093504807976
0.02660609993510707
0.0264833933101292
0.02657070379328653
0.02712760309126305
0.02728570585806147
0.02706153029319804
0.02713468231962716
0.02681139755766622
0.02753111910801723
0.02700253672349714
0.02737773582679488
0.02727390714412129
0.02732110199988201
0.02758303344935402
0.02740605274025131
0.02721963305999646
0.0273069435431538
0.02745324759601203
0.02732346174267005
0.02743672939649578
0.02789451949737479
0.02787800129785853
0.02784024541324995
0.02834287062710165
0.02805498200696124
0.02835230959825379
0.02846793699486756
0.02874166715827975
0.0287912217568285
0.02919473777358268
0.02914754291782196
0.02935520028316914
0.02927496902837591
