a127_norm
0.03785874314447046
0.03816793893129771
0.0384974098516874
0.03820342041503198
0.03835041513335969
0.03880660563851464
0.03853289133542167
0.03832000243301602
0.03879139928834281
0.03896880670701418
0.03853796011881228
0.03937937816165364
0.03909552629177945
0.03878126172156159
0.03908031994160761
0.03947061626268463
0.0393134839775757
0.03880660563851464
0.03915635169246678
0.03972405543221516
0.03877112415478037
0.04021065863771377
0.04002818243565179
0.03977981204951188
0.04032724065569782
0.04020052107093255
0.040129558103464
0.04027655282179171
0.04026641525501049
0.03951623531320012
0.04043875389029125
0.04019038350415133
0.04089494439544621
0.04021065863771377
0.04010421418651095
0.04100645763003963
0.0401244893200734
0.04052492320793163
0.04037792848960393
0.04039313483977576
0.04093549466257109
0.04116358991514857
0.04131058463347628
0.0422331032105674
0.04216214024309885
0.04161978042030352
0.04093042587918048
0.04183773810609977
0.04224830956073923
0.04260819318147258
0.04273491276623785
0.04274505033301907
0.04272984398284724
0.04372332552740691
0.04340399217379844
0.04411869063187454
0.04428596048376469
0.04444816155226423
0.04450391816956095
0.04412375941526515
0.04458501870381071
0.04492462719098162
0.04459515627059193
0.04536561134596474
0.04547205579716757
0.04558356903176099
0.0460144156199629
0.04685583366280426
0.04690652149671036
0.04734750565169348
0.04655677544275823
0.0474539501028963
0.04820919882809728
0.04809768559350384
0.0478341088571921
0.04816357977758178
0.04824468031183155
0.04840688138033109
0.04862990784951796
0.04858935758239307
0.04865525176647101
0.04938515657471894
0.04903034173737619
0.04895430998651704
0.04947132589235931
0.049800796812749
0.05001368571515465
0.05000861693176404
0.05054083918777815
0.05001875449854526
0.0509007228085115
0.05031274393520067
0.05025191853451334
0.05069290268949646
0.05162049004997821
0.05161542126658759
0.05170665936761858
0.05166104031710309
0.05122005616211997
0.05119471224516692
0.05220846892328903
0.05220846892328903
0.05211723082225804
0.05233011972466368
0.05223381284024208
0.05270014091217826
0.05320195046784871
0.05291809859797451
0.05383047960828442
0.0536327970560506
0.05476313575215676
0.05576168608010705
0.05564510406212301
0.05628883955273056
0.05737862798171183
0.05770809890210152
0.05897529474975417
0.06012590857942277
0.06110925255720122
0.06231055422077593
0.0640694220573178
0.06366391938606895
0.06650243808481088
0.06784566568332269
0.06731851221069919
0.06879859696075748
0.06910272396419412
0.07048650182983081
0.07144450189065621
0.07137353892318765
0.07070952829901767
0.07090214206786087
0.07115558123739141
0.07116571880417262
0.06926999381608426
0.06909258639741289
0.06864653345903916
0.0671816550591527
0.06545826870634511
0.06391228977220888
0.06266536905811868
0.06182395101527732
0.0601867339801101
0.05906146406739454
0.05733300893119633
0.05610636335066857
0.05539166489259248
0.0534858023377229
0.05213750595582049
0.05055097675455937
0.04974504019545229
0.04828016179556583
0.04786452155753576
0.04699269081435074
0.04546191823038635
0.04469653193840414
0.04416937846578065
0.04346481757448577
0.0420404894417242
0.04189349472339649
0.04193911377391198
0.0410368703303833
0.04069726184321239
0.03927800249384143
0.03963281733118417
0.03893332522327991
0.03875591780460854
0.0379702563790639
0.03793477489532962
0.03762051032511177
0.03716938860334743
0.03613535679166287
0.03607960017436615
0.03518749429761869
0.0344778646229332
0.03445758948937076
0.03450827732327687
0.03377330373163833
0.03347424551159231
0.03283557880437538
0.03333231957665521
0.03328670052613972
0.03239966343278286
0.03239966343278286
0.03273420313656316
0.03200936711170585
0.0317457903753941
0.0318420972598157
0.03133015013736403
0.03081313423152175
0.03027077440872642
0.03075737761422503
0.02983485903713391
0.02988554687104001
0.02983992782052452
0.02950538811674422
0.02958141986760338
0.02938373731536956
0.02933304948146346
0.02920632989669819
0.02848149387184088
0.02881096479223057
0.028440943604716
0.02855752562270004
0.02817736686840425
0.02797461553277982
0.02827874253621646
0.02754883772796853
0.02814695416806058
0.027868171081577
0.02715854140689152
0.027295398558438
0.02766035096256196
0.02804050971685776
0.0265300122664558
0.02635260484778443
0.02667700698478351
0.0265756313169713
0.02669728211834595
0.02665166306783046
0.02692030858753282
0.02660604401731496
0.02596230852670742
0.0260484778443478
0.02574435084091116
0.025759557191083
0.02557708098902102
0.02528816033575621
0.02495868941536653
0.02449236134343035
0.02503472116622568
0.02470018146244538
0.02455318674411768
0.0245177052603834
0.02392465760368196
0.02379286923552609
0.02384355706943219
0.02403110205488479
0.02426426609085287
0.02389931368672891
0.02378780045213548
0.02364587451719838
0.02362053060024533
0.02318461522865282
0.0233164035968087
0.02333160994698052
0.02293117605912229
0.02302241416015328
0.02344819196496457
0.02301734537676267
0.02335188508054297
