a125_norm
0.03635611255615985
0.03723775083373423
0.03666697923206758
0.03700842295806459
0.03730909728394256
0.03678419125740984
0.03703900000815388
0.03764034865990982
0.0374059246092253
0.03723265465871935
0.03734477050904673
0.03803275413605564
0.03785948418554969
0.03803275413605564
0.03845573666229075
0.03826208201172528
0.03845573666229075
0.03810919676127886
0.03849140988739492
0.03886343066348122
0.03892458476365979
0.03863410278781158
0.03916920116437407
0.03912333558924014
0.0392660284896568
0.03973997276604072
0.03932208641482049
0.03968901101589191
0.04024449409251393
0.03962785691571334
0.04052987989334725
0.03999987769179964
0.03955141429049013
0.04067766896877879
0.0408356503942401
0.04114142089513295
0.04088151596937403
0.04093757389453771
0.04060632251857046
0.04062161104361511
0.04126372909549009
0.04021901321743952
0.04033622524278178
0.04085093891928474
0.04140132582089187
0.04145228757104068
0.04153382637127877
0.04208930944790078
0.04175296189691865
0.04250719579912101
0.04161536517151686
0.04241036847383828
0.04264988869953767
0.04237469524873411
0.04270085044968648
0.04260402312440375
0.04303210182565374
0.04277219689989482
0.04325633352630849
0.04356720020221622
0.04338883407669539
0.04296585155046029
0.04445903082982037
0.04451508875498406
0.04468835870549
0.04478518603077274
0.04460172373023703
0.0448769171810406
0.04512662975676976
0.04524384178211202
0.04563624725825784
0.04672173253642746
0.0470020221622459
0.04721096533785602
0.04775625606444827
0.04747087026361494
0.04718548446278161
0.04845443204148694
0.04813846919056433
0.04825058504089171
0.04817923859068338
0.04876020254237979
0.04926982004386787
0.04932587796903156
0.04934626266909109
0.04989155339568334
0.04995780367087679
0.05058972937272201
0.05082415342340653
0.05038078619711189
0.05094136544874879
0.05131338622483509
0.05172617640104044
0.05145098295023687
0.05179752285124876
0.051787330501219
0.05227656330264756
0.05170579170098091
0.05200646602685888
0.05164463760080234
0.05187906165148686
0.05251098735333208
0.05276579610407613
0.05292887370455231
0.05276069992906125
0.05241416002804935
0.05275050757903148
0.05354551088135289
0.05365253055666539
0.05467176555964155
0.05452397648421001
0.05513042131098083
0.05528840273644214
0.05690898639117424
0.05750014269290041
0.05866716677130813
0.05954880504888251
0.06079736792752832
0.06394170791170979
0.06494565438964131
0.06646941071909068
0.06983288622891203
0.07039346548054892
0.0728192447876322
0.07528579349483451
0.07895503950554872
0.08047879583499809
0.08174264723868853
0.0819617827643284
0.08465256317218549
0.08516218067367357
0.08545775882453666
0.0841939074208462
0.08321034564297421
0.08262428551626291
0.08162543521334627
0.07892446245545943
0.07628464379775116
0.07508194649423929
0.07205991471041495
0.07004692557953703
0.06814095612397159
0.06520555931540023
0.06366651446090622
0.0611999657537039
0.05946726624864442
0.05745937329278137
0.05680706289087662
0.05516609453608499
0.05399397428266241
0.05258233380354042
0.05165992612584699
0.05122675124958211
0.04956030201971608
0.04773587136438875
0.04760337081400184
0.04653317406087687
0.04535595763243939
0.04411758710382335
0.04370479692761801
0.04257854224932935
0.04126372909549009
0.04157459577139782
0.03943420226514787
0.03877679568822824
0.03890420006360026
0.03734477050904673
0.03659053660684437
0.03628476610595151
0.03483235622671048
0.03527062727799023
0.03518908847775214
0.03449600867572834
0.0344807201506837
0.03449091250071346
0.03412908407465692
0.03325254197209742
0.03307927202159147
0.03356340864800515
0.03224349931915102
0.03222821079410638
0.0318765747180796
0.03208551789368971
0.03180522826787126
0.03104589819065402
0.03055666538922546
0.02992473968738024
0.0295374303862493
0.02898194730962729
0.02904310140980586
0.02848252215816896
0.0283398292577523
0.02758559535554994
0.02701991992889817
0.0273307866048059
0.02587328055054998
0.02546558654935951
0.02552674064953808
0.0252821242488238
0.02493048817279702
0.02483875702252917
0.02436990892116013
0.02435971657113037
0.02408452312032681
0.02412019634543097
0.02354942474376432
0.02371250234424051
0.02324875041788635
0.02329461599302028
0.02363096354400241
0.02353923239373456
0.02334557774316909
0.02296336461705302
0.02313153839254409
0.02344240506845182
0.02304490341729112
0.02262701706607089
0.02256076679087744
0.02270855586630898
0.02311115369248457
0.02269836351627922
0.02264230559111553
0.02202057223930007
0.02248942034066911
0.02284105641669588
0.022835960241681
0.02245374711556494
0.02237220831532685
0.02226518864001435
0.02240788154043101
0.02245884329057982
0.0223059580401334
0.02196451431413638
0.02168932086333282
0.02179124436363043
0.02129181921217211
0.02177595583858579
0.02144470446261854
0.02166893616327329
0.02139883888748461
0.02083825963584772
0.02166893616327329
0.02123066511199354
0.02113383778671081
0.02072614378552034
0.02064970116029713
0.02079749023572867
0.02082806728581795
0.02097076018623462
0.02104720281145783
0.0210013372363239
