A_plasma90s_annealed
0.46200201
0.4644987
0.46131742
0.45888227
0.45823875
0.45894909
0.4627797
0.46782023
0.46902853
0.46784535
0.46870112
0.46973053
0.46516407
0.46376014
0.4661867
0.46607238
0.46599004
0.46878943
0.47313127
0.4765566
0.47976011
0.48283699
0.48867017
0.49674433
0.50551236
0.51529944
0.5247227
0.53278702
0.54269189
0.55069953
0.56033027
0.56948841
0.57708061
0.58481586
0.59274501
0.6019966
0.60766083
0.61416769
0.61982262
0.62310767
0.62526399
0.63059312
0.63512856
0.64118934
0.64420861
0.64670819
0.64931226
0.65239024
0.65364379
0.6541127
0.65643626
0.65855807
0.66054988
0.66206622
0.66213298
0.66223133
0.66231781
0.66147459
0.66061831
0.65956891
0.65872943
0.6580829
0.65707433
0.65667194
0.656093
0.65508592
0.65422732
0.65390432
0.65424156
0.65374565
0.65323037
0.65315729
0.65352875
0.6534875
0.65361369
0.65358341
0.65332919
0.65367115
0.65359968
0.65285492
0.65259528
0.6522361
0.65155303
0.65130854
0.65048695
0.64931571
0.64842725
0.64679068
0.64540255
0.64417738
0.64314491
0.64178425
0.64083844
0.63946605
0.63788801
0.63698697
0.63563395
0.63443547
0.63220417
0.62998819
0.62849933
0.62706184
0.62601519
0.62433082
0.62274092
0.6212033
0.61887121
0.61569512
0.61355615
0.61326182
0.61206353
0.61098421
0.60945022
0.60733038
0.6055389
0.60378242
0.60403126
0.60358769
0.6001845
0.59898239
0.59843922
0.59757841
0.5959748
0.59472311
0.59323239
0.59173596
0.59242141
0.58997667
0.58796948
0.58707929
0.58609205
0.58535755
0.58753759
0.58223706
0.57776082
0.57864487
0.57866091
0.57609916
0.5770359
0.57216477
0.57156235
0.57215732
0.56268334
0.56248885
0.56471372
0.55868614
0.56079251
0.56335074
0.56141615
0.55591559
0.55429268
0.55527884
0.55629814
0.55679655
0.55129039
0.5502243
0.55126745
0.55126077
0.55087799
0.55041391
0.54971588
0.5489887
0.54837811
0.54849195
0.54798788
0.54687947
0.54677212
0.54678237
0.54595071
0.54591984
0.54585934
0.54500842
0.54471272
0.54469395
0.54471827
0.54440629
0.54427439
0.5444001
0.54403251
0.54405576
0.54355562
0.54323775
0.54332089
0.54343241
0.54357475
0.54313266
0.54320949
0.54350799
0.54347932
0.54333091
0.54352951
0.54340428
0.54366171
0.54370975
0.54408205
0.54396713
0.54466707
0.54501963
0.54516709
0.54496944
0.54507196
0.54476452
0.5453921
0.54548681
0.54620236
0.54694724
0.54747391
0.54763544
0.54842943
0.54883295
0.54887682
0.54922515
0.54931515
0.54932493
0.54937506
0.54888105
0.54844236
0.54809046
0.54780746
0.54743767
0.54769921
0.5480423
0.54817146
0.5474354
0.54761904
0.54747343
0.54737473
0.5474208
0.54793394
0.54788011
0.54716116
0.54592234
0.54430974
0.54462713
0.54555726
0.54586893
0.54616761
0.54570913
0.54554421
0.54567385
0.54502672
0.54399949
0.54346466
0.54361528
0.54307586
0.54271084
0.54283065
0.5436396
0.54420102
0.54112667
0.53992385
0.53891301
0.53654379
0.53573227
0.53824294
0.53978264
0.54042459
0.53962064
0.54014599
0.54070985
0.54111511
0.54063761
0.53867912
0.53524584
0.53234869
0.53259492
0.53531247
0.53702658
0.53833222
0.53836036
0.53786647
0.5356006
0.53441626
0.53320575
0.53070843
0.53260928
0.5302583
0.526703
0.52483791
0.52498889
0.52543437
0.52430111
0.52320927
0.52178049
0.52094167
0.51997042
0.51877183
0.51545542
0.5115881
0.50962991
0.51331294
0.51694584
0.5181191
0.51663017
0.5167253
0.51693743
0.51702261
0.51667333
0.51577747
0.51573682
0.51426899
0.51086938
0.51205492
0.51457494
0.51489508
0.51059937
0.50932413
0.5108884
0.51234639
0.51133782
0.50878519
0.50731808
0.50689232
0.50806129
0.50904089
0.50799447
0.50157672
0.48080987
0.48156077
0.49414116
0.50027525
0.50813186
0.50653243
0.50441051
0.49830243
0.5036611
0.50899845
0.50337893
0.50622994
0.51315612
0.51394266
0.51065212
0.5094834
0.50837237
0.50694352
0.50573254
0.50465959
0.50455201
0.50273776
0.50005126
0.49924937
0.49930242
0.49854994
0.49766999
0.49734539
0.49338087
0.47130275
0.46692264
0.48251468
0.49824044
0.51251572
0.50804824
0.4949609
0.47735617
0.48298466
0.49459621
0.50536889
0.48675171
0.47258812
0.48585263
0.49871564
0.5185132
0.49963564
0.47030541
0.46743226
0.48392746
0.49826223
0.50501192
0.50144708
0.50165594
0.50193202
0.49851921
0.49584031
0.49574193
0.48880234
0.4793089
0.4826628
0.49040642
0.49291721
0.49153358
0.48768628
0.48198473
0.48154119
0.48791108
0.4958258
0.50061637
0.50205231
0.50126946
0.49865937
0.49146354
0.48296753
0.47981489
0.48247898
0.48757157
0.48301354
0.46544212
0.4703362
0.48986465
0.51217556
0.50150132
0.47614551
0.45652121
0.46844122
0.48962745
0.50772679
0.5071637
0.49766076
0.49072134
0.48785847
0.48771977
0.48326999
0.47195342
0.47209769
0.4807235
0.48907971
0.49316192
0.49386296
0.4928824
0.49039519
0.48841333
0.48648724
0.48371604
0.48185295
0.48270956
0.48485896
0.48585314
0.48524278
0.48361841
0.48104882
0.47800902
0.47363463
0.46705291
0.46546754
0.47206324
0.47831371
0.47892532
0.47756508
0.47707909
0.47649363
0.47559261
0.47332525
0.4694486
0.46830845
0.46763793
0.46744528
0.46914974
0.45709258
0.4527466
0.4673098
0.47941923
0.46343297
