A_plasma90s_an_p2m
-0.0046076477
-0.0036093146
-0.005044654
-0.0059319437
-0.006180957
-0.0059703439
-0.0042446405
-0.0026343912
-0.00085547566
-0.0006904304
-0.00024685264
0.00050333142
-0.0011998117
-0.0011323839
0.0004914254
0.0010972768
0.0024186969
0.0052348971
0.009813264
0.013476595
0.019788921
0.027020827
0.036363125
0.048278332
0.06230849
0.076256081
0.091333047
0.10472047
0.11785284
0.12979004
0.14191706
0.15416735
0.16597451
0.17444104
0.18727095
0.19720426
0.20889318
0.21544458
0.22395696
0.22874761
0.22933307
0.23699644
0.24413522
0.24911705
0.25212261
0.2546587
0.25726679
0.25948343
0.26171988
0.26322752
0.26355803
0.26505429
0.26521888
0.26562053
0.26555508
0.26448378
0.26335511
0.26261055
0.26135272
0.2598969
0.25816995
0.25806755
0.25623378
0.25510216
0.25375021
0.25224251
0.25074252
0.25021315
0.24999598
0.24987139
0.25044119
0.24966194
0.25017539
0.24975634
0.24965319
0.24900828
0.24799551
0.24774666
0.24680221
0.24511242
0.24392988
0.24251866
0.24058463
0.23832522
0.23658673
0.23508626
0.23231071
0.22884178
0.22677605
0.22476749
0.22139409
0.21805573
0.21545152
0.21227992
0.20957308
0.20568421
0.20260893
0.20044008
0.19762515
0.19427082
0.19156267
0.18866716
0.18638885
0.18298806
0.18053548
0.17795213
0.17607273
0.17489281
0.17134815
0.16872644
0.16509593
0.1624257
0.161029
0.15846297
0.15643139
0.15435964
0.15278088
0.14923686
0.14802587
0.14641216
0.14352593
0.14222667
0.13826011
0.13588445
0.13268419
0.1296557
0.13038276
0.12842578
0.12579197
0.1230725
0.120674
0.11852594
0.11336402
0.11209281
0.11165618
0.10754253
0.10357957
0.10260361
0.10070093
0.098682649
0.09697298
0.092948608
0.094066396
0.093829341
0.089043498
0.089629792
0.088058136
0.083150946
0.081685036
0.082892329
0.082803242
0.080372795
0.077535763
0.076886974
0.077517346
0.078920327
0.076124035
0.074054852
0.073536582
0.072804354
0.072417147
0.071642548
0.071656659
0.071042515
0.070673816
0.069711722
0.068896003
0.069128394
0.067915067
0.067699887
0.067391008
0.066408552
0.065351121
0.065847754
0.066049837
0.065776914
0.065654494
0.065207079
0.064673617
0.064286225
0.06356328
0.062638164
0.06285426
0.062595569
0.062487997
0.062112637
0.061412901
0.061750047
0.061967932
0.060510106
0.061258115
0.060321748
0.060316481
0.061067574
0.060980342
0.060642876
0.061693504
0.061629497
0.062301211
0.061934844
0.06290143
0.062632926
0.064090639
0.064553671
0.065074742
0.065015763
0.065668337
0.065115549
0.065762118
0.066121317
0.066291928
0.066438548
0.067120843
0.066670761
0.068170018
0.06859038
0.068980694
0.069310226
0.069351271
0.070005588
0.069980964
0.070305243
0.070362687
0.069896199
0.070853673
0.071207121
0.070639215
0.07101509
0.071098678
0.070204385
0.070469201
0.070990205
0.071789682
0.072588384
0.07160458
0.07230895
0.071722724
0.07147342
0.071643136
0.072192274
0.07131815
0.071844228
0.072426453
0.072208583
0.072737582
0.072353266
0.071732774
0.071117796
0.071101904
0.070431121
0.072339453
0.07168185
0.072277069
0.072791196
0.071828403
0.070608057
0.070243217
0.069428757
0.068747282
0.068149008
0.067793004
0.066623181
0.067097008
0.068012722
0.069436073
0.06982851
0.069010615
0.067065202
0.06638287
0.064762391
0.064398035
0.063989125
0.064505205
0.062996946
0.064821154
0.065656543
0.068115927
0.065325998
0.063487276
0.062134914
0.059588164
0.057800472
0.055306181
0.053967655
0.052770808
0.052104212
0.050538391
0.047602817
0.045649931
0.048375167
0.051267825
0.054631114
0.049167156
0.04631836
0.044678226
0.043597102
0.041825458
0.042009309
0.041151501
0.039990999
0.038577892
0.038898647
0.039582849
0.040402897
0.03924419
0.038009487
0.038094647
0.038726926
0.038182005
0.036208443
0.035215758
0.035310298
0.034750573
0.03406322
0.033102065
0.030790709
0.02530846
0.01955916
0.029971845
0.035076931
0.042197928
0.042179637
0.04212182
0.036577888
0.033822335
0.038473547
0.039622016
0.03424231
0.034733556
0.039700188
0.032778032
0.028590366
0.027687274
0.028134741
0.027906775
0.028659992
0.028281525
0.028579473
0.028039418
0.027856998
0.027675316
0.027873717
0.027167492
0.02692458
0.025248475
0.01816263
0.010030359
0.021502018
0.030980386
0.040907785
0.046214871
0.037560523
0.030081615
0.022982508
0.029940836
0.036885031
0.040691674
0.024127625
0.022059202
0.029527128
0.039389186
0.044165507
0.024446271
0.013996251
0.02233094
0.031363919
0.041329794
0.04005643
0.035057031
0.030654609
0.027915865
0.024259731
0.022791937
0.022145115
0.019303553
0.020689167
0.026041813
0.029074214
0.027910836
0.026199296
0.024555102
0.025123417
0.029066317
0.032188706
0.030950665
0.026842751
0.022656374
0.018817738
0.015790969
0.013585702
0.014074989
0.017154224
0.019551232
0.018550277
0.0077743903
0.004889071
0.019240648
0.031253003
0.042619102
0.023092948
0.0067053884
0.0067634955
0.017942257
0.02772399
0.036785387
0.029922388
0.020835131
0.015861683
0.014083289
0.012369074
0.009080112
0.0078826621
0.012340933
0.016723752
0.016897336
0.015109494
0.011927813
0.0091989487
0.006828852
0.0061383769
0.0042615309
0.0034601614
0.0043590143
0.0045592338
0.0048905537
0.0024046451
0.0010878369
-0.0003971681
-0.00065902621
-0.0017965212
-0.0010229424
-0.00098823756
0.00047123432
0.0048349276
0.004824996
0.0019332245
-0.0022740513
-0.0031565949
-0.0046141669
-0.0059955493
-0.0070553795
-0.0077704191
-0.0073874667
-0.0076919198
-0.0088617727
-0.010573991
-0.018468648
-0.013299651
-0.0023528412
0.0026505366
-0.0086675659
